4020430107			94754
3190090006			0965543948
4020280009			30554
4120050076			69358
3030240093			67855
3190060109			43567
4020430065			44479
1030040074			66338
3180080069			31030
3120170093			68480
4020260026			31135
2208030007			31226
2160060099			67601
3190170089			40783
1030010048			63612
1020100007			62794
3030190062			31203
2120020115			64866
1200120040			66453
4189040099			0637642170
3180050031			64145
1049020023			94891
1060130013			69426
4160360068			50495
2160160079			62913
4020320177			67361
4030130063			69922
4179060081			40135
1200150081			51319
1020020035			66815
3190150502			43625
4170080007			45945
3180090059			31702
4020410248			93877
4170080018			64981
4170060041			63760
1020120020			61749
1050120022			66835
3180070043			40788
4028350028			43323
3190110098			68393
4170030075			43452
4020240077			62230
4020320011			65085
2160080055			63816
3199060077			30952
1030020080			65655
1200150036			62265
2160160108			62170
4160360201			40145
4189040079			31933
3030180092			25036
3180050026			64195
4189040078			0682601232
1020090028			0938469863
3180030104			31844
2160120101			60912
2160220014			43485
4020300060			44938
4030150071			63349
4120050027			61118
2160040124			69824
2207030015			30462
2208030055			31945
1020040004			93336
3030100159			31893
2160100087			42434
3180090017			41756
4170100016			40088
4179120055			41510
1200130036			43337
4026350042			45095
4129070091			63796
3030190133			44708
1019090004			45050
2160100056			41936
2160160049			67557
3030100141			0938453230
2020210059			0637032939
2160120029			64753
3180100097			25166
2120020151			62718
2029150088			65788
4179060100			67312
4020240044			62537
2029150084			66646
2208030175			42675
4020240023			67443
3120170096			69567
4170050083			69989
4020410125			45324
4020410178			91297
3039180038			0675190108
1029070004			60846
3039180076			45535
1030090044			65338
4310030024			45715
3180080093			58432
3120170050			40911
4030130043			69709
2029130056			62902
3190130009			30379
3190190231			43439
3180030124			67388
3199170083			0677909711
1030040045			64344
2169080069			65702
2200050091			60713
3190090010			50596
4160360164			45641
1030020104			57293
4170050022			40250
1039020009			31156
4189040085			67866
4170120014			67369
3199060087			0667312782
3199170054			44273
1029140004			67041
3120170051			69242
1200070026			60821
2160060027			61433
4310070154			44764
4020390190			44930
4120110055			44841
1030040103			69088
4020260069			68340
4310070175			24686
1040050022			69956
4120050085			62159
4170060013			68195
4020430227			0503367535
4170060017			68230
2020190029			67226
1040050021			66444
3180130008			68442
4179120042			67665
4170080054			64820
2160140051			69818
4020390222			40911
1049060017			30015
3199060104			0631067554
1080010001			42660
1200110080			67348
2208030172			66300
3180140131			91010
4020430108			40287
4020390122			50153
3190150125			44068
4180040058			68369
4020260059			65316
4189040032			60897
1020030006			33249
4020320153			44440
2120020001			25695
1019110004			40787
4120110045			66570
4120050086			62159
4160360311			51511
2120020060			43289
1029180025			33842
1039040118			31913
2029130096			30339
1200140026			64612
2169080034			65746
4120110058			58709
1020060004			69388
2160160004			42758
4030110110			63488
2208030186			69698
2160100074			62671
2029130053			66200
3180030128			32011
2160060030			63990
1200210034			60620
2160060026			67637
3190090009			65892
4020220089			69289
3199060107			30480
1020010059			62982
2020170009			55915
2029150135			66754
3039180052			33804
1029140043			64751
3190170008			94157
2029150140			66755
3030120159			31461
3190130099			68115
2160080017			64157
1070040039			62418
1029030001			68089
1039040126			44249
4030110129			65730
2120020128			42398
4160360044			45172
3190170073			66182
4020430067			93808
4020390225			30172
4020240143			62249
2208030063			93122
3180070101			31354
2160100126			45873
4160360344			93646
2120020087			40362
4310070238			45780
3190060145			30645
4029350026			25103
4310070225			44783
2169080088			61054
4179120069			31418
3030100164			42447
3180110020			42619
4310070161			42650
4310030072			41115
4170060037			68158
1040050017			61685
2160100129			62849
4310070102			0963595887
3030100037			64562
4170100062			65787
4029200066			66339
2160120036			67165
4030110057			65089
4030110109			64059
1039040071			64341
1028040006			69359
2160140040			63224
3180070099			40290
2029150102			66648
4160360181			50361
3199130043			33697
1200150038			40960
1030020037			69371
4120110146			42278
4179120037			64366
3190190122			31564
3030100050			57293
2160040091			63951
3180160134			51384
2160080048			45153
3199170017			40960
2029150092			66731
4020410274			63280
4020260099			66046
2120020153			58709
1039040251			45362
2120020046			43014
4160360063			42274
3180050073			0677642489
3030200129			0995204731
2160120126			40914
4020300012			68525
2208030058			40043
2160160080			42985
3120170007			0631184043
3180100094			0972643072
3180140069			0631391370
3030100143			30409
4170030153			41938
4020300069			60543
3120170021			63522
4170100019			65489
2160140050			68078
1200110054			60600
2169080014			67584
3030120139			0980325089
2160060111			67831
2029130004			66772
3180100105			67064
1070020077			67722
3199060017			67591
3190150411			40017
4120110042			33866
2160160008			60092
